$ 1 2.0E-9 5.023272298708815 64 7.0 50
w 624 304 592 304 0
r 592 304 592 368 0 6800.0
w 592 368 624 368 0
w 592 368 592 400 0
w 592 400 624 400 0
c 592 400 592 464 0 1.0E-9 7.090501694156591
g 592 464 592 480 0
r 592 304 592 240 0 5100.0
w 592 240 688 240 0
R 336 224 272 224 0 0 40.0 12.0 0.0 0.0 0.5
165 624 272 640 272 2 0.0
w 688 240 752 240 0
w 752 240 752 304 0
178 432 224 544 224 0 1 0.002 0.029147602476717337 0.05 1000000.0 0.02 20.0
w 544 240 592 240 0
w 336 224 336 368 0
g 432 272 432 336 0
w 400 304 400 256 0
w 400 256 432 256 0
r 528 304 400 304 0 470.0
g 800 416 800 496 0
T 800 320 880 176 0 9.07E-6 40.0 -9.992007221626409E-14 0.11807691320633325 0.999
w 432 224 432 176 0
d 880 176 944 176 1 0.805904783
c 944 176 944 320 0 4.7E-4 0.1117219622408802
r 944 176 1040 176 0 1.0E-5
w 944 320 1040 320 0
a 336 384 496 384 1 15.0 -15.0 1000000.0
w 944 176 944 128 0
w 944 128 224 128 0
w 224 128 224 320 0
r 224 320 224 400 0 2000000.0
r 224 400 224 464 0 68000.0
g 224 464 224 528 0
w 800 352 800 416 0
w 624 176 432 176 0
w 624 176 800 176 0
r 752 336 784 336 0 100.0
t 784 336 800 336 0 1 -23.803917005041168 4.999999999998002E-12 1000.0
g 944 320 944 400 0
s 1040 176 1040 320 0 1 true
w 336 224 432 224 0
w 336 400 224 400 0
d 560 384 560 304 1 0.805904783
s 496 384 560 384 0 0 false
w 560 304 528 304 0
162 496 464 496 384 1 2.1024259 1.0 0.0 0.0
r 496 464 496 512 0 1000.0
w 496 512 352 512 0
w 352 512 336 368 0
d 576 304 576 368 1 0.805904783
w 576 304 592 304 0
w 576 368 592 368 0
g 752 480 752 528 0
p 752 336 752 480 0
r 880 320 944 320 0 100.0
o 5 32 0 35 10.0 0.003125 0 -1
o 24 64 0 35 0.15625 3.2 1 -1
o 32 64 0 35 0.0048828125 9.765625E-5 2 -1
o 38 64 2 35 160.0 9.765625E-5 3 -1
o 24 64 0 35 0.15625 3.2 4 -1
o 54 64 0 42 20.0 9.765625E-5 5 -1
